Linux 2.6.32-573.el6.x86_64 (GW) 	2017-08-01 	_x86_64_	(1 CPU)

05:24:26 PM       LINUX RESTART

05:30:01 PM     CPU      %usr     %nice      %sys   %iowait    %steal      %irq     %soft    %guest     %idle
05:40:01 PM     all      1.09      0.00      0.60      1.06      0.00      0.00      0.04      0.00     97.21
05:40:01 PM       0      1.09      0.00      0.60      1.06      0.00      0.00      0.04      0.00     97.21
05:50:01 PM     all      0.16      0.00      0.10      0.10      0.00      0.00      0.05      0.00     99.59
05:50:01 PM       0      0.16      0.00      0.10      0.10      0.00      0.00      0.05      0.00     99.59
06:00:01 PM     all      0.10      0.00      0.09      0.03      0.00      0.00      0.04      0.00     99.75
06:00:01 PM       0      0.10      0.00      0.09      0.03      0.00      0.00      0.04      0.00     99.75
06:10:01 PM     all      0.06      0.00      0.09      0.06      0.00      0.00      0.06      0.00     99.73
06:10:01 PM       0      0.06      0.00      0.09      0.06      0.00      0.00      0.06      0.00     99.73
06:20:01 PM     all      0.03      0.00      0.09      0.02      0.00      0.00      0.08      0.00     99.78
06:20:01 PM       0      0.03      0.00      0.09      0.02      0.00      0.00      0.08      0.00     99.78
06:30:01 PM     all      0.03      0.00      0.11      0.02      0.00      0.00      0.08      0.00     99.76
06:30:01 PM       0      0.03      0.00      0.11      0.02      0.00      0.00      0.08      0.00     99.76
06:40:01 PM     all      0.03      0.37      0.73      4.56      0.00      0.00      0.08      0.00     94.23
06:40:01 PM       0      0.03      0.37      0.73      4.56      0.00      0.00      0.08      0.00     94.23
06:50:01 PM     all      0.03      0.00      0.11      0.02      0.00      0.00      0.08      0.00     99.76
06:50:01 PM       0      0.03      0.00      0.11      0.02      0.00      0.00      0.08      0.00     99.76
07:00:01 PM     all      0.03      0.00      0.11      0.02      0.00      0.00      0.08      0.00     99.76
07:00:01 PM       0      0.03      0.00      0.11      0.02      0.00      0.00      0.08      0.00     99.76
07:10:01 PM     all      0.03      0.00      0.10      0.01      0.00      0.00      0.09      0.00     99.77
07:10:01 PM       0      0.03      0.00      0.10      0.01      0.00      0.00      0.09      0.00     99.77
07:20:02 PM     all      0.03      0.00      0.11      0.02      0.00      0.00      0.08      0.00     99.76
07:20:02 PM       0      0.03      0.00      0.11      0.02      0.00      0.00      0.08      0.00     99.76
07:30:01 PM     all      0.03      0.00      0.10      0.01      0.00      0.00      0.09      0.00     99.77
07:30:01 PM       0      0.03      0.00      0.10      0.01      0.00      0.00      0.09      0.00     99.77
07:40:01 PM     all      0.03      0.00      0.10      0.02      0.00      0.00      0.09      0.00     99.76
07:40:01 PM       0      0.03      0.00      0.10      0.02      0.00      0.00      0.09      0.00     99.76
07:50:01 PM     all      0.03      0.00      0.11      0.02      0.00      0.00      0.08      0.00     99.75
07:50:01 PM       0      0.03      0.00      0.11      0.02      0.00      0.00      0.08      0.00     99.75
08:00:01 PM     all      0.03      0.00      0.11      0.01      0.00      0.00      0.09      0.00     99.76
08:00:01 PM       0      0.03      0.00      0.11      0.01      0.00      0.00      0.09      0.00     99.76
08:10:01 PM     all      0.03      0.00      0.11      0.01      0.00      0.00      0.08      0.00     99.77
08:10:01 PM       0      0.03      0.00      0.11      0.01      0.00      0.00      0.08      0.00     99.77
08:20:01 PM     all      0.04      0.00      0.11      0.03      0.00      0.00      0.09      0.00     99.73
08:20:01 PM       0      0.04      0.00      0.11      0.03      0.00      0.00      0.09      0.00     99.73
08:30:01 PM     all      0.03      0.00      0.11      0.03      0.00      0.00      0.09      0.00     99.74
08:30:01 PM       0      0.03      0.00      0.11      0.03      0.00      0.00      0.09      0.00     99.74
08:40:01 PM     all      0.03      0.00      0.10      0.03      0.00      0.00      0.08      0.00     99.76
08:40:01 PM       0      0.03      0.00      0.10      0.03      0.00      0.00      0.08      0.00     99.76
08:50:01 PM     all      0.04      0.00      0.12      0.02      0.00      0.00      0.09      0.00     99.74
08:50:01 PM       0      0.04      0.00      0.12      0.02      0.00      0.00      0.09      0.00     99.74
09:00:01 PM     all      0.03      0.00      0.11      0.01      0.00      0.00      0.09      0.00     99.76
09:00:01 PM       0      0.03      0.00      0.11      0.01      0.00      0.00      0.09      0.00     99.76
09:10:01 PM     all      0.04      0.00      0.09      0.02      0.00      0.00      0.09      0.00     99.76
09:10:01 PM       0      0.04      0.00      0.09      0.02      0.00      0.00      0.09      0.00     99.76
09:20:01 PM     all      0.04      0.00      0.12      0.04      0.00      0.00      0.09      0.00     99.72
09:20:01 PM       0      0.04      0.00      0.12      0.04      0.00      0.00      0.09      0.00     99.72
09:30:01 PM     all      0.03      0.00      0.10      0.04      0.00      0.00      0.08      0.00     99.75
09:30:01 PM       0      0.03      0.00      0.10      0.04      0.00      0.00      0.08      0.00     99.75
09:40:01 PM     all      0.03      0.00      0.10      0.01      0.00      0.00      0.09      0.00     99.77
09:40:01 PM       0      0.03      0.00      0.10      0.01      0.00      0.00      0.09      0.00     99.77
09:50:01 PM     all      0.04      0.00      0.11      0.02      0.00      0.00      0.09      0.00     99.74
09:50:01 PM       0      0.04      0.00      0.11      0.02      0.00      0.00      0.09      0.00     99.74
10:00:01 PM     all      0.03      0.00      0.10      0.02      0.00      0.00      0.08      0.00     99.77
10:00:01 PM       0      0.03      0.00      0.10      0.02      0.00      0.00      0.08      0.00     99.77
10:10:01 PM     all      0.03      0.00      0.10      0.01      0.00      0.00      0.08      0.00     99.77
10:10:01 PM       0      0.03      0.00      0.10      0.01      0.00      0.00      0.08      0.00     99.77
10:20:01 PM     all      0.03      0.00      0.10      0.01      0.00      0.00      0.09      0.00     99.77
10:20:01 PM       0      0.03      0.00      0.10      0.01      0.00      0.00      0.09      0.00     99.77
10:30:01 PM     all      0.03      0.00      0.10      0.01      0.00      0.00      0.09      0.00     99.76
10:30:01 PM       0      0.03      0.00      0.10      0.01      0.00      0.00      0.09      0.00     99.76
10:40:01 PM     all      0.03      0.00      0.09      0.01      0.00      0.00      0.09      0.00     99.77
10:40:01 PM       0      0.03      0.00      0.09      0.01      0.00      0.00      0.09      0.00     99.77
10:50:01 PM     all      0.03      0.00      0.09      0.01      0.00      0.00      0.09      0.00     99.78
10:50:01 PM       0      0.03      0.00      0.09      0.01      0.00      0.00      0.09      0.00     99.78
11:00:01 PM     all      0.03      0.00      0.10      0.02      0.00      0.00      0.08      0.00     99.77
11:00:01 PM       0      0.03      0.00      0.10      0.02      0.00      0.00      0.08      0.00     99.77
11:10:01 PM     all      0.04      0.00      0.09      0.03      0.00      0.00      0.09      0.00     99.76
11:10:01 PM       0      0.04      0.00      0.09      0.03      0.00      0.00      0.09      0.00     99.76
11:20:01 PM     all      0.03      0.00      0.09      0.04      0.00      0.00      0.08      0.00     99.77
11:20:01 PM       0      0.03      0.00      0.09      0.04      0.00      0.00      0.08      0.00     99.77
11:30:01 PM     all      0.02      0.00      0.09      0.03      0.00      0.00      0.08      0.00     99.77
11:30:01 PM       0      0.02      0.00      0.09      0.03      0.00      0.00      0.08      0.00     99.77
11:40:01 PM     all      0.03      0.00      0.09      0.02      0.00      0.00      0.09      0.00     99.77
11:40:01 PM       0      0.03      0.00      0.09      0.02      0.00      0.00      0.09      0.00     99.77
11:50:01 PM     all      0.03      0.00      0.09      0.04      0.00      0.00      0.09      0.00     99.75
11:50:01 PM       0      0.03      0.00      0.09      0.04      0.00      0.00      0.09      0.00     99.75
Average:        all      0.07      0.01      0.13      0.17      0.00      0.00      0.08      0.00     99.54
Average:          0      0.07      0.01      0.13      0.17      0.00      0.00      0.08      0.00     99.54

05:30:01 PM    proc/s   cswch/s
05:40:01 PM      0.05     51.98
05:50:01 PM      0.01     25.43
06:00:01 PM      0.01     24.04
06:10:01 PM      0.03     24.04
06:20:01 PM      0.01     23.74
06:30:01 PM      0.01     23.57
06:40:01 PM      4.44     91.11
06:50:01 PM      0.01     23.65
07:00:01 PM      0.01     23.58
07:10:01 PM      0.03     23.30
07:20:02 PM      0.02     23.82
07:30:01 PM      0.01     23.21
07:40:01 PM      0.01     23.34
07:50:01 PM      0.01     23.64
08:00:01 PM      0.01     23.41
08:10:01 PM      0.03     23.40
08:20:01 PM      0.01     23.45
08:30:01 PM      0.01     23.38
08:40:01 PM      0.01     23.41
08:50:01 PM      0.01     23.68
09:00:01 PM      0.01     23.39
09:10:01 PM      0.03     23.61
09:20:01 PM      0.01     23.47
09:30:01 PM      0.01     23.46
09:40:01 PM      0.01     23.60
09:50:01 PM      0.01     23.52
10:00:01 PM      0.01     23.31
10:10:01 PM      0.03     23.64
10:20:01 PM      0.01     23.31
10:30:01 PM      0.01     23.31
10:40:01 PM      0.01     23.47
10:50:01 PM      0.01     23.26
11:00:01 PM      0.01     23.24
11:10:01 PM      0.03     23.68
11:20:01 PM      0.01     23.17
11:30:01 PM      0.01     23.32
11:40:01 PM      0.01     23.35
11:50:01 PM      0.01     23.34
Average:         0.13     26.06

05:30:01 PM  pswpin/s pswpout/s
05:40:01 PM      0.00      0.00
05:50:01 PM      0.00      0.00
06:00:01 PM      0.00      0.00
06:10:01 PM      0.00      0.00
06:20:01 PM      0.00      0.00
06:30:01 PM      0.00      0.00
06:40:01 PM      0.00      0.00
06:50:01 PM      0.00      0.00
07:00:01 PM      0.00      0.00
07:10:01 PM      0.00      0.00
07:20:02 PM      0.00      0.00
07:30:01 PM      0.00      0.00
07:40:01 PM      0.00      0.00
07:50:01 PM      0.00      0.00
08:00:01 PM      0.00      0.00
08:10:01 PM      0.00      0.00
08:20:01 PM      0.00      0.00
08:30:01 PM      0.00      0.00
08:40:01 PM      0.00      0.00
08:50:01 PM      0.00      0.00
09:00:01 PM      0.00      0.00
09:10:01 PM      0.00      0.00
09:20:01 PM      0.00      0.00
09:30:01 PM      0.00      0.00
09:40:01 PM      0.00      0.00
09:50:01 PM      0.00      0.00
10:00:01 PM      0.00      0.00
10:10:01 PM      0.00      0.00
10:20:01 PM      0.00      0.00
10:30:01 PM      0.00      0.00
10:40:01 PM      0.00      0.00
10:50:01 PM      0.00      0.00
11:00:01 PM      0.00      0.00
11:10:01 PM      0.00      0.00
11:20:01 PM      0.00      0.00
11:30:01 PM      0.00      0.00
11:40:01 PM      0.00      0.00
11:50:01 PM      0.00      0.00
Average:         0.00      0.00

05:30:01 PM  pgpgin/s pgpgout/s   fault/s  majflt/s  pgfree/s pgscank/s pgscand/s pgsteal/s    %vmeff
05:40:01 PM    208.51     95.55     75.02      0.24     83.34      0.00      0.00      0.00      0.00
05:50:01 PM      5.52      4.91     30.17      0.05     35.53      0.00      0.00      0.00      0.00
06:00:01 PM      0.00      4.31     18.25      0.00     20.17      0.00      0.00      0.00      0.00
06:10:01 PM      0.15      4.54     27.67      0.00     21.08      0.00      0.00      0.00      0.00
06:20:01 PM      0.00      4.27     17.58      0.00     21.31      0.00      0.00      0.00      0.00
06:30:01 PM      0.00      4.45     18.29      0.00     22.89      0.00      0.00      0.00      0.00
06:40:01 PM    262.99     78.28   1018.60      1.31    485.36      0.00      0.00      0.00      0.00
06:50:01 PM      0.00      4.55     17.91      0.00     25.15      0.00      0.00      0.00      0.00
07:00:01 PM      0.01      4.41     19.27      0.00     23.42      0.00      0.00      0.00      0.00
07:10:01 PM      0.00      4.54     26.35      0.00     22.13      0.00      0.00      0.00      0.00
07:20:02 PM      0.01      4.46     22.67      0.00     28.05      0.00      0.00      0.00      0.00
07:30:01 PM      0.00      4.43     17.21      0.00     20.24      0.00      0.00      0.00      0.00
07:40:01 PM      0.00      4.42     17.92      0.00     19.80      0.00      0.00      0.00      0.00
07:50:01 PM      0.00      4.35     17.78      0.00     27.72      0.00      0.00      0.00      0.00
08:00:01 PM      0.00      4.51     17.60      0.00     21.11      0.00      0.00      0.00      0.00
08:10:01 PM      0.00      4.49     23.93      0.00     21.76      0.00      0.00      0.00      0.00
08:20:01 PM      0.00      4.39     17.70      0.00     27.24      0.00      0.00      0.00      0.00
08:30:01 PM      0.00      4.47     17.61      0.00     22.49      0.00      0.00      0.00      0.00
08:40:01 PM      0.00      4.46     17.69      0.00     17.78      0.00      0.00      0.00      0.00
08:50:01 PM      0.00      4.40     19.45      0.00     28.30      0.00      0.00      0.00      0.00
09:00:01 PM      0.00      4.37     17.80      0.00     21.18      0.00      0.00      0.00      0.00
09:10:01 PM      0.00      4.47     23.91      0.00     19.89      0.00      0.00      0.00      0.00
09:20:01 PM      0.00      4.33     17.97      0.00     27.49      0.00      0.00      0.00      0.00
09:30:01 PM      0.00      4.46     18.32      0.00     19.46      0.00      0.00      0.00      0.00
09:40:01 PM      0.00      4.44     17.34      0.00     22.67      0.00      0.00      0.00      0.00
09:50:01 PM      0.00      4.41     17.03      0.00     25.24      0.00      0.00      0.00      0.00
10:00:01 PM      0.00      4.37     17.54      0.00     19.03      0.00      0.00      0.00      0.00
10:10:01 PM      0.00      4.37     23.78      0.00     22.32      0.00      0.00      0.00      0.00
10:20:01 PM      0.00      4.41     16.92      0.00     22.14      0.00      0.00      0.00      0.00
10:30:01 PM      0.00      4.45     19.29      0.00     20.88      0.00      0.00      0.00      0.00
10:40:01 PM      0.00      4.40     16.63      0.00     18.06      0.00      0.00      0.00      0.00
10:50:01 PM      0.00      4.23     17.05      0.00     14.73      0.00      0.00      0.00      0.00
11:00:01 PM      0.00      4.41     17.10      0.00     15.16      0.00      0.00      0.00      0.00
11:10:01 PM      0.00      4.47     23.10      0.00     20.33      0.00      0.00      0.00      0.00
11:20:01 PM      0.00      4.44     17.13      0.00     14.71      0.00      0.00      0.00      0.00
11:30:01 PM      0.00      4.51     17.17      0.00     16.11      0.00      0.00      0.00      0.00
11:40:01 PM      0.00      4.36     16.66      0.00     17.60      0.00      0.00      0.00      0.00
11:50:01 PM      0.00      4.36     17.00      0.00     14.29      0.00      0.00      0.00      0.00
Average:        12.54      8.77     47.06      0.04     35.40      0.00      0.00      0.00      0.00

05:30:01 PM       tps      rtps      wtps   bread/s   bwrtn/s
05:40:01 PM     36.93     10.27     26.66    834.02    382.19
05:50:01 PM      2.35      0.32      2.03     22.09     19.63
06:00:01 PM      1.81      0.00      1.81      0.00     17.23
06:10:01 PM      1.96      0.04      1.92      0.61     18.14
06:20:01 PM      1.80      0.00      1.80      0.00     17.07
06:30:01 PM      1.87      0.00      1.87      0.00     17.79
06:40:01 PM     62.66     41.25     21.42   1051.94    313.13
06:50:01 PM      1.91      0.00      1.91      0.00     18.20
07:00:01 PM      1.84      0.00      1.84      0.03     17.63
07:10:01 PM      1.91      0.00      1.91      0.00     18.17
07:20:02 PM      1.87      0.01      1.87      0.05     17.85
07:30:01 PM      1.87      0.00      1.87      0.00     17.74
07:40:01 PM      1.87      0.00      1.87      0.00     17.68
07:50:01 PM      1.84      0.00      1.84      0.00     17.39
08:00:01 PM      1.89      0.00      1.89      0.00     18.02
08:10:01 PM      1.89      0.00      1.89      0.00     17.97
08:20:01 PM      1.84      0.00      1.84      0.00     17.55
08:30:01 PM      1.87      0.00      1.87      0.00     17.87
08:40:01 PM      1.88      0.00      1.88      0.00     17.83
08:50:01 PM      1.87      0.00      1.87      0.00     17.62
09:00:01 PM      1.84      0.00      1.84      0.00     17.49
09:10:01 PM      1.88      0.00      1.88      0.00     17.90
09:20:01 PM      1.83      0.00      1.83      0.00     17.31
09:30:01 PM      1.87      0.00      1.87      0.00     17.84
09:40:01 PM      1.86      0.00      1.86      0.00     17.74
09:50:01 PM      1.85      0.00      1.85      0.00     17.63
10:00:01 PM      1.83      0.00      1.83      0.00     17.47
10:10:01 PM      1.83      0.00      1.83      0.00     17.47
10:20:01 PM      1.86      0.00      1.86      0.00     17.63
10:30:01 PM      1.87      0.00      1.87      0.00     17.79
10:40:01 PM      1.84      0.00      1.84      0.00     17.58
10:50:01 PM      1.77      0.00      1.77      0.00     16.91
11:00:01 PM      1.85      0.00      1.85      0.00     17.65
11:10:01 PM      1.88      0.00      1.88      0.00     17.87
11:20:01 PM      1.87      0.00      1.87      0.00     17.76
11:30:01 PM      1.88      0.00      1.88      0.00     18.03
11:40:01 PM      1.83      0.00      1.83      0.00     17.45
11:50:01 PM      1.84      0.00      1.84      0.00     17.44
Average:         4.39      1.36      3.03     50.14     35.06

05:30:01 PM   frmpg/s   bufpg/s   campg/s
05:40:01 PM    -64.81      1.81     59.19
05:50:01 PM     -0.13      0.50      1.32
06:00:01 PM     -1.36      0.40      0.03
06:10:01 PM     -2.73      0.40      0.07
06:20:01 PM      1.34      0.40      0.03
06:30:01 PM     -1.28      0.40      0.03
06:40:01 PM    -83.10     11.27     55.09
06:50:01 PM      1.39      0.41      0.03
07:00:01 PM     -1.23      0.40      0.03
07:10:01 PM     -1.74      0.40      0.03
07:20:02 PM      2.05      0.40      0.04
07:30:01 PM     -1.90      0.40      0.03
07:40:01 PM     -1.43      0.40      0.03
07:50:01 PM      1.57      0.40      0.03
08:00:01 PM     -0.67      0.40      0.03
08:10:01 PM     -2.64      0.40      0.02
08:20:01 PM      2.03      0.40      0.04
08:30:01 PM     -1.90      0.40      0.03
08:40:01 PM     -1.49      0.40      0.04
08:50:01 PM      1.56      0.40      0.02
09:00:01 PM     -1.64      0.40      0.04
09:10:01 PM      1.50      0.40      0.03
09:20:01 PM     -1.44      0.40      0.03
09:30:01 PM     -2.12      0.40      0.03
09:40:01 PM      1.15      0.40      0.03
09:50:01 PM     -1.06      0.40      0.03
10:00:01 PM     -1.74      0.40      0.03
10:10:01 PM      1.53      0.40      0.03
10:20:01 PM     -1.54      0.40      0.03
10:30:01 PM     -1.40      0.40      0.03
10:40:01 PM      1.53      0.40      0.04
10:50:01 PM     -1.24      0.40      0.03
11:00:01 PM     -1.84      0.40      0.03
11:10:01 PM      1.89      0.40      0.03
11:20:01 PM     -1.40      0.40      0.03
11:30:01 PM     -1.82      0.40      0.03
11:40:01 PM      1.97      0.40      0.03
11:50:01 PM     -1.76      0.40      0.03
Average:        -4.36      0.73      3.07

05:30:01 PM kbmemfree kbmemused  %memused kbbuffers  kbcached  kbcommit   %commit
05:40:01 PM   1455184    451728     23.69     25800    237252    282008      7.16
05:50:01 PM   1454868    452044     23.71     26992    240420    275672      7.00
06:00:01 PM   1451604    455308     23.88     27952    240496    277720      7.05
06:10:01 PM   1445068    461844     24.22     28920    240656    282780      7.18
06:20:01 PM   1448284    458628     24.05     29880    240724    277660      7.05
06:30:01 PM   1445224    461688     24.21     30840    240796    280732      7.13
06:40:01 PM   1246820    660092     34.62     57752    372320    282788      7.18
06:50:01 PM   1250152    656760     34.44     58728    372392    278692      7.08
07:00:01 PM   1247220    659692     34.59     59692    372460    280740      7.13
07:10:01 PM   1243056    663856     34.81     60652    372532    282788      7.18
07:20:02 PM   1247968    658944     34.56     61616    372616    278104      7.06
07:30:01 PM   1243428    663484     34.79     62568    372692    280152      7.11
07:40:01 PM   1240008    666904     34.97     63528    372752    283224      7.19
07:50:01 PM   1243768    663144     34.78     64488    372832    278104      7.06
08:00:01 PM   1242176    664736     34.86     65448    372904    281176      7.14
08:10:01 PM   1235868    671044     35.19     66416    372960    283224      7.19
08:20:01 PM   1240732    666180     34.94     67368    373052    278104      7.06
08:30:01 PM   1236188    670724     35.17     68328    373112    281176      7.14
08:40:01 PM   1232632    674280     35.36     69280    373196    289112      7.34
08:50:01 PM   1236360    670552     35.16     70240    373252    279128      7.09
09:00:01 PM   1232440    674472     35.37     71192    373336    282200      7.17
09:10:01 PM   1236036    670876     35.18     72152    373404    277080      7.04
09:20:01 PM   1232584    674328     35.36     73104    373480    279128      7.09
09:30:01 PM   1227504    679408     35.63     74064    373552    282200      7.17
09:40:01 PM   1230252    676660     35.48     75024    373620    278104      7.06
09:50:01 PM   1227716    679196     35.62     75984    373696    280152      7.11
10:00:01 PM   1223552    683360     35.84     76944    373764    282200      7.17
10:10:01 PM   1227204    679708     35.64     77904    373844    278104      7.06
10:20:01 PM   1223528    683384     35.84     78864    373916    280152      7.11
10:30:01 PM   1220168    686744     36.01     79824    373976    283224      7.19
10:40:01 PM   1223824    683088     35.82     80784    374064    278104      7.06
10:50:01 PM   1220848    686064     35.98     81736    374132    280152      7.11
11:00:01 PM   1216444    690468     36.21     82696    374204    283224      7.19
11:10:01 PM   1220968    685944     35.97     83648    374284    278104      7.06
11:20:01 PM   1217620    689292     36.15     84608    374352    280152      7.11
11:30:01 PM   1213276    693636     36.37     85576    374416    283224      7.19
11:40:01 PM   1217988    688924     36.13     86536    374488    278104      7.06
11:50:01 PM   1213772    693140     36.35     87488    374568    280152      7.11
Average:      1266114    640798     33.60     65648    352382    280443      7.12

05:30:01 PM kbswpfree kbswpused  %swpused  kbswpcad   %swpcad
05:40:01 PM   2031612         0      0.00         0      0.00
05:50:01 PM   2031612         0      0.00         0      0.00
06:00:01 PM   2031612         0      0.00         0      0.00
06:10:01 PM   2031612         0      0.00         0      0.00
06:20:01 PM   2031612         0      0.00         0      0.00
06:30:01 PM   2031612         0      0.00         0      0.00
06:40:01 PM   2031612         0      0.00         0      0.00
06:50:01 PM   2031612         0      0.00         0      0.00
07:00:01 PM   2031612         0      0.00         0      0.00
07:10:01 PM   2031612         0      0.00         0      0.00
07:20:02 PM   2031612         0      0.00         0      0.00
07:30:01 PM   2031612         0      0.00         0      0.00
07:40:01 PM   2031612         0      0.00         0      0.00
07:50:01 PM   2031612         0      0.00         0      0.00
08:00:01 PM   2031612         0      0.00         0      0.00
08:10:01 PM   2031612         0      0.00         0      0.00
08:20:01 PM   2031612         0      0.00         0      0.00
08:30:01 PM   2031612         0      0.00         0      0.00
08:40:01 PM   2031612         0      0.00         0      0.00
08:50:01 PM   2031612         0      0.00         0      0.00
09:00:01 PM   2031612         0      0.00         0      0.00
09:10:01 PM   2031612         0      0.00         0      0.00
09:20:01 PM   2031612         0      0.00         0      0.00
09:30:01 PM   2031612         0      0.00         0      0.00
09:40:01 PM   2031612         0      0.00         0      0.00
09:50:01 PM   2031612         0      0.00         0      0.00
10:00:01 PM   2031612         0      0.00         0      0.00
10:10:01 PM   2031612         0      0.00         0      0.00
10:20:01 PM   2031612         0      0.00         0      0.00
10:30:01 PM   2031612         0      0.00         0      0.00
10:40:01 PM   2031612         0      0.00         0      0.00
10:50:01 PM   2031612         0      0.00         0      0.00
11:00:01 PM   2031612         0      0.00         0      0.00
11:10:01 PM   2031612         0      0.00         0      0.00
11:20:01 PM   2031612         0      0.00         0      0.00
11:30:01 PM   2031612         0      0.00         0      0.00
11:40:01 PM   2031612         0      0.00         0      0.00
11:50:01 PM   2031612         0      0.00         0      0.00
Average:      2031612         0      0.00         0      0.00

05:30:01 PM dentunusd   file-nr  inode-nr    pty-nr
05:40:01 PM     25784       832     16522         1
05:50:01 PM     25866       800     16559         1
06:00:01 PM     25866       800     16559         1
06:10:01 PM     25882       800     16571         1
06:20:01 PM     25882       800     16571         1
06:30:01 PM     25882       800     16571         1
06:40:01 PM     53982       800     42807         1
06:50:01 PM     53982       800     42807         1
07:00:01 PM     53986       800     42807         1
07:10:01 PM     53982       800     42803         1
07:20:02 PM     53988       800     42803         1
07:30:01 PM     53988       800     42803         1
07:40:01 PM     53988       800     42803         1
07:50:01 PM     53988       800     42803         1
08:00:01 PM     53988       800     42803         1
08:10:01 PM     53988       800     42804         1
08:20:01 PM     53988       800     42803         1
08:30:01 PM     53988       800     42803         1
08:40:01 PM     53988       800     42803         1
08:50:01 PM     53988       800     42803         1
09:00:01 PM     53988       800     42803         1
09:10:01 PM     53988       800     42803         1
09:20:01 PM     53988       800     42803         1
09:30:01 PM     53988       800     42803         1
09:40:01 PM     53988       800     42803         1
09:50:01 PM     53988       800     42803         1
10:00:01 PM     53988       800     42803         1
10:10:01 PM     53988       800     42803         1
10:20:01 PM     53988       800     42803         1
10:30:01 PM     53988       800     42803         1
10:40:01 PM     53988       800     42803         1
10:50:01 PM     53988       800     42803         1
11:00:01 PM     53988       800     42803         1
11:10:01 PM     53988       800     42803         1
11:20:01 PM     53988       800     42803         1
11:30:01 PM     53988       800     42803         1
11:40:01 PM     53988       800     42803         1
11:50:01 PM     53988       800     42803         1
Average:        49546       801     38660         1

05:30:01 PM   runq-sz  plist-sz   ldavg-1   ldavg-5  ldavg-15
05:40:01 PM         0       224      0.06      0.03      0.01
05:50:01 PM         0       223      0.00      0.00      0.00
06:00:01 PM         0       223      0.02      0.01      0.00
06:10:01 PM         0       224      0.00      0.00      0.00
06:20:01 PM         0       224      0.00      0.00      0.00
06:30:01 PM         0       224      0.00      0.00      0.00
06:40:01 PM         0       224      0.29      0.10      0.03
06:50:01 PM         0       224      0.00      0.00      0.00
07:00:01 PM         0       224      0.00      0.00      0.00
07:10:01 PM         0       224      0.00      0.00      0.00
07:20:02 PM         0       223      0.00      0.00      0.00
07:30:01 PM         0       223      0.00      0.00      0.00
07:40:01 PM         0       223      0.00      0.00      0.00
07:50:01 PM         1       223      0.00      0.00      0.00
08:00:01 PM         0       223      0.01      0.02      0.00
08:10:01 PM         0       223      0.00      0.00      0.00
08:20:01 PM         0       223      0.00      0.00      0.00
08:30:01 PM         0       223      0.00      0.00      0.00
08:40:01 PM         0       223      0.00      0.00      0.00
08:50:01 PM         0       223      0.00      0.00      0.00
09:00:01 PM         0       223      0.00      0.00      0.00
09:10:01 PM         0       223      0.02      0.01      0.00
09:20:01 PM         0       223      0.00      0.00      0.00
09:30:01 PM         0       223      0.00      0.00      0.00
09:40:01 PM         0       223      0.00      0.00      0.00
09:50:01 PM         0       223      0.00      0.00      0.00
10:00:01 PM         0       223      0.00      0.00      0.00
10:10:01 PM         0       223      0.00      0.00      0.00
10:20:01 PM         0       223      0.00      0.00      0.00
10:30:01 PM         0       223      0.01      0.01      0.00
10:40:01 PM         0       223      0.00      0.00      0.00
10:50:01 PM         0       223      0.00      0.00      0.00
11:00:01 PM         0       223      0.00      0.00      0.00
11:10:01 PM         0       223      0.00      0.00      0.00
11:20:01 PM         0       223      0.00      0.00      0.00
11:30:01 PM         0       223      0.00      0.00      0.00
11:40:01 PM         0       223      0.00      0.00      0.00
11:50:01 PM         0       223      0.00      0.00      0.00
Average:            0       223      0.01      0.00      0.00

05:30:01 PM       TTY   rcvin/s   xmtin/s framerr/s prtyerr/s     brk/s   ovrun/s
05:40:01 PM         0      0.00      0.00      0.00      0.00      0.00      0.00
05:50:01 PM         0      0.00      0.00      0.00      0.00      0.00      0.00
06:00:01 PM         0      0.00      0.00      0.00      0.00      0.00      0.00
06:10:01 PM         0      0.00      0.00      0.00      0.00      0.00      0.00
06:20:01 PM         0      0.00      0.00      0.00      0.00      0.00      0.00
06:30:01 PM         0      0.00      0.00      0.00      0.00      0.00      0.00
06:40:01 PM         0      0.00      0.00      0.00      0.00      0.00      0.00
06:50:01 PM         0      0.00      0.00      0.00      0.00      0.00      0.00
07:00:01 PM         0      0.00      0.00      0.00      0.00      0.00      0.00
07:10:01 PM         0      0.00      0.00      0.00      0.00      0.00      0.00
07:20:02 PM         0      0.00      0.00      0.00      0.00      0.00      0.00
07:30:01 PM         0      0.00      0.00      0.00      0.00      0.00      0.00
07:40:01 PM         0      0.00      0.00      0.00      0.00      0.00      0.00
07:50:01 PM         0      0.00      0.00      0.00      0.00      0.00      0.00
08:00:01 PM         0      0.00      0.00      0.00      0.00      0.00      0.00
08:10:01 PM         0      0.00      0.00      0.00      0.00      0.00      0.00
08:20:01 PM         0      0.00      0.00      0.00      0.00      0.00      0.00
08:30:01 PM         0      0.00      0.00      0.00      0.00      0.00      0.00
08:40:01 PM         0      0.00      0.00      0.00      0.00      0.00      0.00
08:50:01 PM         0      0.00      0.00      0.00      0.00      0.00      0.00
09:00:01 PM         0      0.00      0.00      0.00      0.00      0.00      0.00
09:10:01 PM         0      0.00      0.00      0.00      0.00      0.00      0.00
09:20:01 PM         0      0.00      0.00      0.00      0.00      0.00      0.00
09:30:01 PM         0      0.00      0.00      0.00      0.00      0.00      0.00
09:40:01 PM         0      0.00      0.00      0.00      0.00      0.00      0.00
09:50:01 PM         0      0.00      0.00      0.00      0.00      0.00      0.00
10:00:01 PM         0      0.00      0.00      0.00      0.00      0.00      0.00
10:10:01 PM         0      0.00      0.00      0.00      0.00      0.00      0.00
10:20:01 PM         0      0.00      0.00      0.00      0.00      0.00      0.00
10:30:01 PM         0      0.00      0.00      0.00      0.00      0.00      0.00
10:40:01 PM         0      0.00      0.00      0.00      0.00      0.00      0.00
10:50:01 PM         0      0.00      0.00      0.00      0.00      0.00      0.00
11:00:01 PM         0      0.00      0.00      0.00      0.00      0.00      0.00
11:10:01 PM         0      0.00      0.00      0.00      0.00      0.00      0.00
11:20:01 PM         0      0.00      0.00      0.00      0.00      0.00      0.00
11:30:01 PM         0      0.00      0.00      0.00      0.00      0.00      0.00
11:40:01 PM         0      0.00      0.00      0.00      0.00      0.00      0.00
11:50:01 PM         0      0.00      0.00      0.00      0.00      0.00      0.00
Average:            0      0.00      0.00      0.00      0.00      0.00      0.00

05:30:01 PM       DEV       tps  rd_sec/s  wr_sec/s  avgrq-sz  avgqu-sz     await     svctm     %util
05:40:01 PM    dev8-0      7.50    417.01    191.10     81.06      0.07      9.01      2.01      1.51
05:40:01 PM   dev11-0      0.00      0.00      0.00      0.00      0.00      0.00      0.00      0.00
05:40:01 PM  dev253-0     29.42    417.01    191.09     20.67      1.32     44.78      0.51      1.51
05:40:01 PM  dev253-1      0.00      0.00      0.00      0.00      0.00      0.00      0.00      0.00
05:50:01 PM    dev8-0      0.94     11.04      9.82     22.16      0.00      2.88      1.78      0.17
05:50:01 PM   dev11-0      0.00      0.00      0.00      0.00      0.00      0.00      0.00      0.00
05:50:01 PM  dev253-0      1.41     11.04      9.82     14.77      0.00      3.27      1.19      0.17
05:50:01 PM  dev253-1      0.00      0.00      0.00      0.00      0.00      0.00      0.00      0.00
06:00:01 PM    dev8-0      0.73      0.00      8.61     11.81      0.00      2.21      1.19      0.09
06:00:01 PM   dev11-0      0.00      0.00      0.00      0.00      0.00      0.00      0.00      0.00
06:00:01 PM  dev253-0      1.08      0.00      8.61      8.00      0.00      2.02      0.81      0.09
06:00:01 PM  dev253-1      0.00      0.00      0.00      0.00      0.00      0.00      0.00      0.00
06:10:01 PM    dev8-0      0.81      0.31      9.07     11.63      0.00      2.99      2.26      0.18
06:10:01 PM   dev11-0      0.00      0.00      0.00      0.00      0.00      0.00      0.00      0.00
06:10:01 PM  dev253-0      1.15      0.31      9.07      8.13      0.00      2.98      1.58      0.18
06:10:01 PM  dev253-1      0.00      0.00      0.00      0.00      0.00      0.00      0.00      0.00
06:20:01 PM    dev8-0      0.74      0.00      8.54     11.57      0.00      3.48      2.33      0.17
06:20:01 PM   dev11-0      0.00      0.00      0.00      0.00      0.00      0.00      0.00      0.00
06:20:01 PM  dev253-0      1.07      0.00      8.54      8.00      0.00      3.38      1.61      0.17
06:20:01 PM  dev253-1      0.00      0.00      0.00      0.00      0.00      0.00      0.00      0.00
06:30:01 PM    dev8-0      0.75      0.00      8.89     11.80      0.00      3.08      2.14      0.16
06:30:01 PM   dev11-0      0.00      0.00      0.00      0.00      0.00      0.00      0.00      0.00
06:30:01 PM  dev253-0      1.11      0.00      8.89      8.00      0.00      2.93      1.45      0.16
06:30:01 PM  dev253-1      0.00      0.00      0.00      0.00      0.00      0.00      0.00      0.00
06:40:01 PM    dev8-0     20.84    525.98    156.57     32.75      0.15      7.21      2.56      5.34
06:40:01 PM   dev11-0      0.00      0.00      0.00      0.00      0.00      0.00      0.00      0.00
06:40:01 PM  dev253-0     41.82    525.97    156.57     16.32      0.51     12.22      1.28      5.34
06:40:01 PM  dev253-1      0.00      0.00      0.00      0.00      0.00      0.00      0.00      0.00
06:50:01 PM    dev8-0      0.77      0.00      9.10     11.77      0.00      3.56      2.33      0.18
06:50:01 PM   dev11-0      0.00      0.00      0.00      0.00      0.00      0.00      0.00      0.00
06:50:01 PM  dev253-0      1.14      0.00      9.10      8.00      0.00      3.23      1.59      0.18
06:50:01 PM  dev253-1      0.00      0.00      0.00      0.00      0.00      0.00      0.00      0.00
07:00:01 PM    dev8-0      0.74      0.01      8.81     11.95      0.00      3.24      2.10      0.16
07:00:01 PM   dev11-0      0.00      0.00      0.00      0.00      0.00      0.00      0.00      0.00
07:00:01 PM  dev253-0      1.10      0.01      8.81      8.00      0.00      2.98      1.41      0.16
07:00:01 PM  dev253-1      0.00      0.00      0.00      0.00      0.00      0.00      0.00      0.00
07:10:01 PM    dev8-0      0.77      0.00      9.08     11.76      0.00      3.15      2.06      0.16
07:10:01 PM   dev11-0      0.00      0.00      0.00      0.00      0.00      0.00      0.00      0.00
07:10:01 PM  dev253-0      1.14      0.00      9.08      8.00      0.00      2.85      1.40      0.16
07:10:01 PM  dev253-1      0.00      0.00      0.00      0.00      0.00      0.00      0.00      0.00
07:20:02 PM    dev8-0      0.75      0.03      8.92     11.87      0.00      3.93      2.62      0.20
07:20:02 PM   dev11-0      0.00      0.00      0.00      0.00      0.00      0.00      0.00      0.00
07:20:02 PM  dev253-0      1.12      0.03      8.92      8.00      0.00      3.49      1.77      0.20
07:20:02 PM  dev253-1      0.00      0.00      0.00      0.00      0.00      0.00      0.00      0.00
07:30:01 PM    dev8-0      0.76      0.00      8.87     11.67      0.00      3.17      2.14      0.16
07:30:01 PM   dev11-0      0.00      0.00      0.00      0.00      0.00      0.00      0.00      0.00
07:30:01 PM  dev253-0      1.11      0.00      8.87      8.00      0.00      2.83      1.47      0.16
07:30:01 PM  dev253-1      0.00      0.00      0.00      0.00      0.00      0.00      0.00      0.00
07:40:01 PM    dev8-0      0.76      0.00      8.84     11.57      0.00      3.60      2.49      0.19
07:40:01 PM   dev11-0      0.00      0.00      0.00      0.00      0.00      0.00      0.00      0.00
07:40:01 PM  dev253-0      1.11      0.00      8.84      8.00      0.00      3.13      1.72      0.19
07:40:01 PM  dev253-1      0.00      0.00      0.00      0.00      0.00      0.00      0.00      0.00
07:50:01 PM    dev8-0      0.76      0.00      8.70     11.50      0.00      3.16      2.21      0.17
07:50:01 PM   dev11-0      0.00      0.00      0.00      0.00      0.00      0.00      0.00      0.00
07:50:01 PM  dev253-0      1.09      0.00      8.70      8.00      0.00      3.01      1.54      0.17
07:50:01 PM  dev253-1      0.00      0.00      0.00      0.00      0.00      0.00      0.00      0.00
08:00:01 PM    dev8-0      0.76      0.00      9.01     11.88      0.00      2.69      1.93      0.15
08:00:01 PM   dev11-0      0.00      0.00      0.00      0.00      0.00      0.00      0.00      0.00
08:00:01 PM  dev253-0      1.13      0.00      9.01      8.00      0.00      2.54      1.30      0.15
08:00:01 PM  dev253-1      0.00      0.00      0.00      0.00      0.00      0.00      0.00      0.00
08:10:01 PM    dev8-0      0.77      0.00      8.99     11.69      0.00      3.53      2.16      0.17
08:10:01 PM   dev11-0      0.00      0.00      0.00      0.00      0.00      0.00      0.00      0.00
08:10:01 PM  dev253-0      1.12      0.00      8.99      8.00      0.00      3.10      1.48      0.17
08:10:01 PM  dev253-1      0.00      0.00      0.00      0.00      0.00      0.00      0.00      0.00
08:20:01 PM    dev8-0      0.75      0.00      8.78     11.77      0.00      3.29      2.29      0.17
08:20:01 PM   dev11-0      0.00      0.00      0.00      0.00      0.00      0.00      0.00      0.00
08:20:01 PM  dev253-0      1.10      0.00      8.78      8.00      0.00      3.24      1.56      0.17
08:20:01 PM  dev253-1      0.00      0.00      0.00      0.00      0.00      0.00      0.00      0.00
08:30:01 PM    dev8-0      0.75      0.00      8.93     11.93      0.00      3.58      2.35      0.18
08:30:01 PM   dev11-0      0.00      0.00      0.00      0.00      0.00      0.00      0.00      0.00
08:30:01 PM  dev253-0      1.12      0.00      8.93      8.00      0.00      3.39      1.57      0.18
08:30:01 PM  dev253-1      0.00      0.00      0.00      0.00      0.00      0.00      0.00      0.00
08:40:01 PM    dev8-0      0.76      0.00      8.91     11.71      0.00      3.64      2.46      0.19
08:40:01 PM   dev11-0      0.00      0.00      0.00      0.00      0.00      0.00      0.00      0.00
08:40:01 PM  dev253-0      1.12      0.00      8.92      8.00      0.00      3.25      1.68      0.19
08:40:01 PM  dev253-1      0.00      0.00      0.00      0.00      0.00      0.00      0.00      0.00
08:50:01 PM    dev8-0      0.77      0.00      8.82     11.46      0.00      3.50      2.32      0.18
08:50:01 PM   dev11-0      0.00      0.00      0.00      0.00      0.00      0.00      0.00      0.00
08:50:01 PM  dev253-0      1.10      0.00      8.80      8.00      0.00      3.38      1.62      0.18
08:50:01 PM  dev253-1      0.00      0.00      0.00      0.00      0.00      0.00      0.00      0.00
09:00:01 PM    dev8-0      0.75      0.00      8.75     11.74      0.00      3.26      2.35      0.17
09:00:01 PM   dev11-0      0.00      0.00      0.00      0.00      0.00      0.00      0.00      0.00
09:00:01 PM  dev253-0      1.09      0.00      8.75      8.00      0.00      2.97      1.60      0.17
09:00:01 PM  dev253-1      0.00      0.00      0.00      0.00      0.00      0.00      0.00      0.00
09:10:01 PM    dev8-0      0.77      0.00      8.95     11.69      0.00      3.28      2.30      0.18
09:10:01 PM   dev11-0      0.00      0.00      0.00      0.00      0.00      0.00      0.00      0.00
09:10:01 PM  dev253-0      1.12      0.00      8.95      8.00      0.00      3.15      1.57      0.18
09:10:01 PM  dev253-1      0.00      0.00      0.00      0.00      0.00      0.00      0.00      0.00
09:20:01 PM    dev8-0      0.75      0.00      8.65     11.50      0.00      3.41      2.41      0.18
09:20:01 PM   dev11-0      0.00      0.00      0.00      0.00      0.00      0.00      0.00      0.00
09:20:01 PM  dev253-0      1.08      0.00      8.65      8.00      0.00      3.29      1.68      0.18
09:20:01 PM  dev253-1      0.00      0.00      0.00      0.00      0.00      0.00      0.00      0.00
09:30:01 PM    dev8-0      0.75      0.00      8.92     11.86      0.00      3.42      2.40      0.18
09:30:01 PM   dev11-0      0.00      0.00      0.00      0.00      0.00      0.00      0.00      0.00
09:30:01 PM  dev253-0      1.12      0.00      8.92      8.00      0.00      3.63      1.62      0.18
09:30:01 PM  dev253-1      0.00      0.00      0.00      0.00      0.00      0.00      0.00      0.00
09:40:01 PM    dev8-0      0.75      0.00      8.87     11.84      0.00      2.91      2.01      0.15
09:40:01 PM   dev11-0      0.00      0.00      0.00      0.00      0.00      0.00      0.00      0.00
09:40:01 PM  dev253-0      1.11      0.00      8.87      8.00      0.00      2.73      1.36      0.15
09:40:01 PM  dev253-1      0.00      0.00      0.00      0.00      0.00      0.00      0.00      0.00
09:50:01 PM    dev8-0      0.75      0.00      8.81     11.74      0.00      2.97      2.03      0.15
09:50:01 PM   dev11-0      0.00      0.00      0.00      0.00      0.00      0.00      0.00      0.00
09:50:01 PM  dev253-0      1.10      0.00      8.81      8.00      0.00      2.95      1.38      0.15
09:50:01 PM  dev253-1      0.00      0.00      0.00      0.00      0.00      0.00      0.00      0.00
10:00:01 PM    dev8-0      0.74      0.00      8.73     11.85      0.00      2.95      1.99      0.15
10:00:01 PM   dev11-0      0.00      0.00      0.00      0.00      0.00      0.00      0.00      0.00
10:00:01 PM  dev253-0      1.09      0.00      8.73      8.00      0.00      2.86      1.35      0.15
10:00:01 PM  dev253-1      0.00      0.00      0.00      0.00      0.00      0.00      0.00      0.00
10:10:01 PM    dev8-0      0.74      0.00      8.74     11.82      0.00      3.15      2.29      0.17
10:10:01 PM   dev11-0      0.00      0.00      0.00      0.00      0.00      0.00      0.00      0.00
10:10:01 PM  dev253-0      1.09      0.00      8.74      8.00      0.00      3.00      1.55      0.17
10:10:01 PM  dev253-1      0.00      0.00      0.00      0.00      0.00      0.00      0.00      0.00
10:20:01 PM    dev8-0      0.76      0.00      8.81     11.59      0.00      3.05      2.16      0.16
10:20:01 PM   dev11-0      0.00      0.00      0.00      0.00      0.00      0.00      0.00      0.00
10:20:01 PM  dev253-0      1.10      0.00      8.81      8.00      0.00      2.84      1.49      0.16
10:20:01 PM  dev253-1      0.00      0.00      0.00      0.00      0.00      0.00      0.00      0.00
10:30:01 PM    dev8-0      0.76      0.00      8.89     11.77      0.00      2.94      2.24      0.17
10:30:01 PM   dev11-0      0.00      0.00      0.00      0.00      0.00      0.00      0.00      0.00
10:30:01 PM  dev253-0      1.11      0.00      8.89      8.00      0.00      2.78      1.52      0.17
10:30:01 PM  dev253-1      0.00      0.00      0.00      0.00      0.00      0.00      0.00      0.00
10:40:01 PM    dev8-0      0.74      0.00      8.79     11.82      0.00      3.05      2.15      0.16
10:40:01 PM   dev11-0      0.00      0.00      0.00      0.00      0.00      0.00      0.00      0.00
10:40:01 PM  dev253-0      1.10      0.00      8.79      8.00      0.00      2.88      1.45      0.16
10:40:01 PM  dev253-1      0.00      0.00      0.00      0.00      0.00      0.00      0.00      0.00
10:50:01 PM    dev8-0      0.72      0.00      8.45     11.79      0.00      3.09      2.26      0.16
10:50:01 PM   dev11-0      0.00      0.00      0.00      0.00      0.00      0.00      0.00      0.00
10:50:01 PM  dev253-0      1.06      0.00      8.45      8.00      0.00      2.94      1.53      0.16
10:50:01 PM  dev253-1      0.00      0.00      0.00      0.00      0.00      0.00      0.00      0.00
11:00:01 PM    dev8-0      0.74      0.00      8.83     11.89      0.00      3.39      2.27      0.17
11:00:01 PM   dev11-0      0.00      0.00      0.00      0.00      0.00      0.00      0.00      0.00
11:00:01 PM  dev253-0      1.10      0.00      8.83      8.00      0.00      3.28      1.52      0.17
11:00:01 PM  dev253-1      0.00      0.00      0.00      0.00      0.00      0.00      0.00      0.00
11:10:01 PM    dev8-0      0.76      0.00      8.94     11.72      0.00      3.55      2.35      0.18
11:10:01 PM   dev11-0      0.00      0.00      0.00      0.00      0.00      0.00      0.00      0.00
11:10:01 PM  dev253-0      1.12      0.00      8.94      8.00      0.00      3.28      1.60      0.18
11:10:01 PM  dev253-1      0.00      0.00      0.00      0.00      0.00      0.00      0.00      0.00
11:20:01 PM    dev8-0      0.76      0.00      8.88     11.67      0.00      3.48      2.41      0.18
11:20:01 PM   dev11-0      0.00      0.00      0.00      0.00      0.00      0.00      0.00      0.00
11:20:01 PM  dev253-0      1.11      0.00      8.88      8.00      0.00      3.53      1.65      0.18
11:20:01 PM  dev253-1      0.00      0.00      0.00      0.00      0.00      0.00      0.00      0.00
11:30:01 PM    dev8-0      0.75      0.00      9.01     11.96      0.00      3.40      2.22      0.17
11:30:01 PM   dev11-0      0.00      0.00      0.00      0.00      0.00      0.00      0.00      0.00
11:30:01 PM  dev253-0      1.13      0.00      9.01      8.00      0.00      3.38      1.48      0.17
11:30:01 PM  dev253-1      0.00      0.00      0.00      0.00      0.00      0.00      0.00      0.00
11:40:01 PM    dev8-0      0.74      0.00      8.72     11.85      0.00      2.92      2.03      0.15
11:40:01 PM   dev11-0      0.00      0.00      0.00      0.00      0.00      0.00      0.00      0.00
11:40:01 PM  dev253-0      1.09      0.00      8.72      8.00      0.00      2.85      1.37      0.15
11:40:01 PM  dev253-1      0.00      0.00      0.00      0.00      0.00      0.00      0.00      0.00
11:50:01 PM    dev8-0      0.75      0.00      8.72     11.64      0.00      3.82      2.67      0.20
11:50:01 PM   dev11-0      0.00      0.00      0.00      0.00      0.00      0.00      0.00      0.00
11:50:01 PM  dev253-0      1.09      0.00      8.72      8.00      0.00      3.92      1.84      0.20
11:50:01 PM  dev253-1      0.00      0.00      0.00      0.00      0.00      0.00      0.00      0.00
Average:       dev8-0      1.46     25.07     17.53     29.11      0.01      5.50      2.32      0.34
Average:      dev11-0      0.00      0.00      0.00      0.00      0.00      0.00      0.00      0.00
Average:     dev253-0      2.93     25.07     17.53     14.55      0.05     17.53      1.16      0.34
Average:     dev253-1      0.00      0.00      0.00      0.00      0.00      0.00      0.00      0.00

05:30:01 PM     IFACE   rxpck/s   txpck/s    rxkB/s    txkB/s   rxcmp/s   txcmp/s  rxmcst/s
05:40:01 PM        lo      0.85      0.85      0.04      0.04      0.00      0.00      0.00
05:40:01 PM      eth0     17.79      6.45     19.47      0.46      0.00      0.00      0.00
05:40:01 PM      pan0      0.00      0.00      0.00      0.00      0.00      0.00      0.00
05:50:01 PM        lo      0.84      0.84      0.04      0.04      0.00      0.00      0.00
05:50:01 PM      eth0      1.87      0.24      0.20      0.02      0.00      0.00      0.00
05:50:01 PM      pan0      0.00      0.00      0.00      0.00      0.00      0.00      0.00
06:00:01 PM        lo      0.85      0.85      0.04      0.04      0.00      0.00      0.00
06:00:01 PM      eth0      1.94      0.21      0.20      0.01      0.00      0.00      0.00
06:00:01 PM      pan0      0.00      0.00      0.00      0.00      0.00      0.00      0.00
06:10:01 PM        lo      0.84      0.84      0.04      0.04      0.00      0.00      0.00
06:10:01 PM      eth0      1.78      0.19      0.19      0.01      0.00      0.00      0.00
06:10:01 PM      pan0      0.00      0.00      0.00      0.00      0.00      0.00      0.00
06:20:01 PM        lo      0.85      0.85      0.04      0.04      0.00      0.00      0.00
06:20:01 PM      eth0      1.64      0.20      0.18      0.01      0.00      0.00      0.00
06:20:01 PM      pan0      0.00      0.00      0.00      0.00      0.00      0.00      0.00
06:30:01 PM        lo      0.84      0.84      0.04      0.04      0.00      0.00      0.00
06:30:01 PM      eth0      1.86      0.19      0.20      0.01      0.00      0.00      0.00
06:30:01 PM      pan0      0.00      0.00      0.00      0.00      0.00      0.00      0.00
06:40:01 PM        lo      0.85      0.85      0.04      0.04      0.00      0.00      0.00
06:40:01 PM      eth0      1.67      0.19      0.18      0.01      0.00      0.00      0.00
06:40:01 PM      pan0      0.00      0.00      0.00      0.00      0.00      0.00      0.00
06:50:01 PM        lo      0.84      0.84      0.04      0.04      0.00      0.00      0.00
06:50:01 PM      eth0      1.51      0.18      0.17      0.01      0.00      0.00      0.00
06:50:01 PM      pan0      0.00      0.00      0.00      0.00      0.00      0.00      0.00
07:00:01 PM        lo      0.85      0.85      0.04      0.04      0.00      0.00      0.00
07:00:01 PM      eth0      1.68      0.17      0.18      0.01      0.00      0.00      0.00
07:00:01 PM      pan0      0.00      0.00      0.00      0.00      0.00      0.00      0.00
07:10:01 PM        lo      0.84      0.84      0.04      0.04      0.00      0.00      0.00
07:10:01 PM      eth0      1.39      0.18      0.16      0.01      0.00      0.00      0.00
07:10:01 PM      pan0      0.00      0.00      0.00      0.00      0.00      0.00      0.00
07:20:02 PM        lo      0.85      0.85      0.04      0.04      0.00      0.00      0.00
07:20:02 PM      eth0      1.31      0.18      0.15      0.01      0.00      0.00      0.00
07:20:02 PM      pan0      0.00      0.00      0.00      0.00      0.00      0.00      0.00
07:30:01 PM        lo      0.84      0.84      0.04      0.04      0.00      0.00      0.00
07:30:01 PM      eth0      1.32      0.16      0.15      0.01      0.00      0.00      0.00
07:30:01 PM      pan0      0.00      0.00      0.00      0.00      0.00      0.00      0.00
07:40:01 PM        lo      0.85      0.85      0.04      0.04      0.00      0.00      0.00
07:40:01 PM      eth0      1.32      0.17      0.15      0.01      0.00      0.00      0.00
07:40:01 PM      pan0      0.00      0.00      0.00      0.00      0.00      0.00      0.00
07:50:01 PM        lo      0.84      0.84      0.04      0.04      0.00      0.00      0.00
07:50:01 PM      eth0      1.25      0.16      0.15      0.01      0.00      0.00      0.00
07:50:01 PM      pan0      0.00      0.00      0.00      0.00      0.00      0.00      0.00
08:00:01 PM        lo      0.85      0.85      0.04      0.04      0.00      0.00      0.00
08:00:01 PM      eth0      1.20      0.17      0.14      0.01      0.00      0.00      0.00
08:00:01 PM      pan0      0.00      0.00      0.00      0.00      0.00      0.00      0.00
08:10:01 PM        lo      0.84      0.84      0.04      0.04      0.00      0.00      0.00
08:10:01 PM      eth0      1.22      0.17      0.14      0.01      0.00      0.00      0.00
08:10:01 PM      pan0      0.00      0.00      0.00      0.00      0.00      0.00      0.00
08:20:01 PM        lo      0.85      0.85      0.04      0.04      0.00      0.00      0.00
08:20:01 PM      eth0      1.15      0.16      0.14      0.01      0.00      0.00      0.00
08:20:01 PM      pan0      0.00      0.00      0.00      0.00      0.00      0.00      0.00
08:30:01 PM        lo      0.85      0.85      0.04      0.04      0.00      0.00      0.00
08:30:01 PM      eth0      1.17      0.17      0.14      0.01      0.00      0.00      0.00
08:30:01 PM      pan0      0.00      0.00      0.00      0.00      0.00      0.00      0.00
08:40:01 PM        lo      0.84      0.84      0.04      0.04      0.00      0.00      0.00
08:40:01 PM      eth0      1.20      0.17      0.14      0.01      0.00      0.00      0.00
08:40:01 PM      pan0      0.00      0.00      0.00      0.00      0.00      0.00      0.00
08:50:01 PM        lo      0.85      0.85      0.04      0.04      0.00      0.00      0.00
08:50:01 PM      eth0      1.17      0.20      0.14      0.01      0.00      0.00      0.00
08:50:01 PM      pan0      0.00      0.00      0.00      0.00      0.00      0.00      0.00
09:00:01 PM        lo      0.84      0.84      0.04      0.04      0.00      0.00      0.00
09:00:01 PM      eth0      1.21      0.19      0.14      0.01      0.00      0.00      0.00
09:00:01 PM      pan0      0.00      0.00      0.00      0.00      0.00      0.00      0.00
09:10:01 PM        lo      0.85      0.85      0.04      0.04      0.00      0.00      0.00
09:10:01 PM      eth0      1.18      0.20      0.14      0.01      0.00      0.00      0.00
09:10:01 PM      pan0      0.00      0.00      0.00      0.00      0.00      0.00      0.00
09:20:01 PM        lo      0.84      0.84      0.04      0.04      0.00      0.00      0.00
09:20:01 PM      eth0      1.20      0.17      0.14      0.01      0.00      0.00      0.00
09:20:01 PM      pan0      0.00      0.00      0.00      0.00      0.00      0.00      0.00
09:30:01 PM        lo      0.85      0.85      0.04      0.04      0.00      0.00      0.00
09:30:01 PM      eth0      1.17      0.18      0.14      0.01      0.00      0.00      0.00
09:30:01 PM      pan0      0.00      0.00      0.00      0.00      0.00      0.00      0.00
09:40:01 PM        lo      0.84      0.84      0.04      0.04      0.00      0.00      0.00
09:40:01 PM      eth0      1.30      0.17      0.15      0.01      0.00      0.00      0.00
09:40:01 PM      pan0      0.00      0.00      0.00      0.00      0.00      0.00      0.00
09:50:01 PM        lo      0.85      0.85      0.04      0.04      0.00      0.00      0.00
09:50:01 PM      eth0      1.31      0.18      0.16      0.01      0.00      0.00      0.00
09:50:01 PM      pan0      0.00      0.00      0.00      0.00      0.00      0.00      0.00
10:00:01 PM        lo      0.84      0.84      0.04      0.04      0.00      0.00      0.00
10:00:01 PM      eth0      1.20      0.17      0.14      0.01      0.00      0.00      0.00
10:00:01 PM      pan0      0.00      0.00      0.00      0.00      0.00      0.00      0.00
10:10:01 PM        lo      0.85      0.85      0.04      0.04      0.00      0.00      0.00
10:10:01 PM      eth0      1.17      0.18      0.14      0.01      0.00      0.00      0.00
10:10:01 PM      pan0      0.00      0.00      0.00      0.00      0.00      0.00      0.00
10:20:01 PM        lo      0.84      0.84      0.04      0.04      0.00      0.00      0.00
10:20:01 PM      eth0      1.16      0.15      0.14      0.01      0.00      0.00      0.00
10:20:01 PM      pan0      0.00      0.00      0.00      0.00      0.00      0.00      0.00
10:30:01 PM        lo      0.85      0.85      0.04      0.04      0.00      0.00      0.00
10:30:01 PM      eth0      1.21      0.17      0.15      0.01      0.00      0.00      0.00
10:30:01 PM      pan0      0.00      0.00      0.00      0.00      0.00      0.00      0.00
10:40:01 PM        lo      0.84      0.84      0.04      0.04      0.00      0.00      0.00
10:40:01 PM      eth0      1.21      0.16      0.14      0.01      0.00      0.00      0.00
10:40:01 PM      pan0      0.00      0.00      0.00      0.00      0.00      0.00      0.00
10:50:01 PM        lo      0.85      0.85      0.04      0.04      0.00      0.00      0.00
10:50:01 PM      eth0      1.15      0.17      0.14      0.01      0.00      0.00      0.00
10:50:01 PM      pan0      0.00      0.00      0.00      0.00      0.00      0.00      0.00
11:00:01 PM        lo      0.84      0.84      0.04      0.04      0.00      0.00      0.00
11:00:01 PM      eth0      1.20      0.16      0.14      0.01      0.00      0.00      0.00
11:00:01 PM      pan0      0.00      0.00      0.00      0.00      0.00      0.00      0.00
11:10:01 PM        lo      0.85      0.85      0.04      0.04      0.00      0.00      0.00
11:10:01 PM      eth0      1.14      0.17      0.14      0.01      0.00      0.00      0.00
11:10:01 PM      pan0      0.00      0.00      0.00      0.00      0.00      0.00      0.00
11:20:01 PM        lo      0.84      0.84      0.04      0.04      0.00      0.00      0.00
11:20:01 PM      eth0      1.18      0.16      0.14      0.01      0.00      0.00      0.00
11:20:01 PM      pan0      0.00      0.00      0.00      0.00      0.00      0.00      0.00
11:30:01 PM        lo      0.85      0.85      0.04      0.04      0.00      0.00      0.00
11:30:01 PM      eth0      1.21      0.17      0.14      0.01      0.00      0.00      0.00
11:30:01 PM      pan0      0.00      0.00      0.00      0.00      0.00      0.00      0.00
11:40:01 PM        lo      0.84      0.84      0.04      0.04      0.00      0.00      0.00
11:40:01 PM      eth0      1.16      0.16      0.14      0.01      0.00      0.00      0.00
11:40:01 PM      pan0      0.00      0.00      0.00      0.00      0.00      0.00      0.00
11:50:01 PM        lo      0.85      0.85      0.04      0.04      0.00      0.00      0.00
11:50:01 PM      eth0      1.12      0.17      0.14      0.01      0.00      0.00      0.00
11:50:01 PM      pan0      0.00      0.00      0.00      0.00      0.00      0.00      0.00
Average:           lo      0.85      0.85      0.04      0.04      0.00      0.00      0.00
Average:         eth0      1.76      0.34      0.66      0.02      0.00      0.00      0.00
Average:         pan0      0.00      0.00      0.00      0.00      0.00      0.00      0.00

05:30:01 PM     IFACE   rxerr/s   txerr/s    coll/s  rxdrop/s  txdrop/s  txcarr/s  rxfram/s  rxfifo/s  txfifo/s
05:40:01 PM        lo      0.00      0.00      0.00      0.00      0.00      0.00      0.00      0.00      0.00
05:40:01 PM      eth0      0.00      0.00      0.00      0.00      0.00      0.00      0.00      0.00      0.00
05:40:01 PM      pan0      0.00      0.00      0.00      0.00      0.00      0.00      0.00      0.00      0.00
05:50:01 PM        lo      0.00      0.00      0.00      0.00      0.00      0.00      0.00      0.00      0.00
05:50:01 PM      eth0      0.00      0.00      0.00      0.00      0.00      0.00      0.00      0.00      0.00
05:50:01 PM      pan0      0.00      0.00      0.00      0.00      0.00      0.00      0.00      0.00      0.00
06:00:01 PM        lo      0.00      0.00      0.00      0.00      0.00      0.00      0.00      0.00      0.00
06:00:01 PM      eth0      0.00      0.00      0.00      0.00      0.00      0.00      0.00      0.00      0.00
06:00:01 PM      pan0      0.00      0.00      0.00      0.00      0.00      0.00      0.00      0.00      0.00
06:10:01 PM        lo      0.00      0.00      0.00      0.00      0.00      0.00      0.00      0.00      0.00
06:10:01 PM      eth0      0.00      0.00      0.00      0.00      0.00      0.00      0.00      0.00      0.00
06:10:01 PM      pan0      0.00      0.00      0.00      0.00      0.00      0.00      0.00      0.00      0.00
06:20:01 PM        lo      0.00      0.00      0.00      0.00      0.00      0.00      0.00      0.00      0.00
06:20:01 PM      eth0      0.00      0.00      0.00      0.00      0.00      0.00      0.00      0.00      0.00
06:20:01 PM      pan0      0.00      0.00      0.00      0.00      0.00      0.00      0.00      0.00      0.00
06:30:01 PM        lo      0.00      0.00      0.00      0.00      0.00      0.00      0.00      0.00      0.00
06:30:01 PM      eth0      0.00      0.00      0.00      0.00      0.00      0.00      0.00      0.00      0.00
06:30:01 PM      pan0      0.00      0.00      0.00      0.00      0.00      0.00      0.00      0.00      0.00
06:40:01 PM        lo      0.00      0.00      0.00      0.00      0.00      0.00      0.00      0.00      0.00
06:40:01 PM      eth0      0.00      0.00      0.00      0.00      0.00      0.00      0.00      0.00      0.00
06:40:01 PM      pan0      0.00      0.00      0.00      0.00      0.00      0.00      0.00      0.00      0.00
06:50:01 PM        lo      0.00      0.00      0.00      0.00      0.00      0.00      0.00      0.00      0.00
06:50:01 PM      eth0      0.00      0.00      0.00      0.00      0.00      0.00      0.00      0.00      0.00
06:50:01 PM      pan0      0.00      0.00      0.00      0.00      0.00      0.00      0.00      0.00      0.00
07:00:01 PM        lo      0.00      0.00      0.00      0.00      0.00      0.00      0.00      0.00      0.00
07:00:01 PM      eth0      0.00      0.00      0.00      0.00      0.00      0.00      0.00      0.00      0.00
07:00:01 PM      pan0      0.00      0.00      0.00      0.00      0.00      0.00      0.00      0.00      0.00
07:10:01 PM        lo      0.00      0.00      0.00      0.00      0.00      0.00      0.00      0.00      0.00
07:10:01 PM      eth0      0.00      0.00      0.00      0.00      0.00      0.00      0.00      0.00      0.00
07:10:01 PM      pan0      0.00      0.00      0.00      0.00      0.00      0.00      0.00      0.00      0.00
07:20:02 PM        lo      0.00      0.00      0.00      0.00      0.00      0.00      0.00      0.00      0.00
07:20:02 PM      eth0      0.00      0.00      0.00      0.00      0.00      0.00      0.00      0.00      0.00
07:20:02 PM      pan0      0.00      0.00      0.00      0.00      0.00      0.00      0.00      0.00      0.00
07:30:01 PM        lo      0.00      0.00      0.00      0.00      0.00      0.00      0.00      0.00      0.00
07:30:01 PM      eth0      0.00      0.00      0.00      0.00      0.00      0.00      0.00      0.00      0.00
07:30:01 PM      pan0      0.00      0.00      0.00      0.00      0.00      0.00      0.00      0.00      0.00
07:40:01 PM        lo      0.00      0.00      0.00      0.00      0.00      0.00      0.00      0.00      0.00
07:40:01 PM      eth0      0.00      0.00      0.00      0.00      0.00      0.00      0.00      0.00      0.00
07:40:01 PM      pan0      0.00      0.00      0.00      0.00      0.00      0.00      0.00      0.00      0.00
07:50:01 PM        lo      0.00      0.00      0.00      0.00      0.00      0.00      0.00      0.00      0.00
07:50:01 PM      eth0      0.00      0.00      0.00      0.00      0.00      0.00      0.00      0.00      0.00
07:50:01 PM      pan0      0.00      0.00      0.00      0.00      0.00      0.00      0.00      0.00      0.00
08:00:01 PM        lo      0.00      0.00      0.00      0.00      0.00      0.00      0.00      0.00      0.00
08:00:01 PM      eth0      0.00      0.00      0.00      0.00      0.00      0.00      0.00      0.00      0.00
08:00:01 PM      pan0      0.00      0.00      0.00      0.00      0.00      0.00      0.00      0.00      0.00
08:10:01 PM        lo      0.00      0.00      0.00      0.00      0.00      0.00      0.00      0.00      0.00
08:10:01 PM      eth0      0.00      0.00      0.00      0.00      0.00      0.00      0.00      0.00      0.00
08:10:01 PM      pan0      0.00      0.00      0.00      0.00      0.00      0.00      0.00      0.00      0.00
08:20:01 PM        lo      0.00      0.00      0.00      0.00      0.00      0.00      0.00      0.00      0.00
08:20:01 PM      eth0      0.00      0.00      0.00      0.00      0.00      0.00      0.00      0.00      0.00
08:20:01 PM      pan0      0.00      0.00      0.00      0.00      0.00      0.00      0.00      0.00      0.00
08:30:01 PM        lo      0.00      0.00      0.00      0.00      0.00      0.00      0.00      0.00      0.00
08:30:01 PM      eth0      0.00      0.00      0.00      0.00      0.00      0.00      0.00      0.00      0.00
08:30:01 PM      pan0      0.00      0.00      0.00      0.00      0.00      0.00      0.00      0.00      0.00
08:40:01 PM        lo      0.00      0.00      0.00      0.00      0.00      0.00      0.00      0.00      0.00
08:40:01 PM      eth0      0.00      0.00      0.00      0.00      0.00      0.00      0.00      0.00      0.00
08:40:01 PM      pan0      0.00      0.00      0.00      0.00      0.00      0.00      0.00      0.00      0.00
08:50:01 PM        lo      0.00      0.00      0.00      0.00      0.00      0.00      0.00      0.00      0.00
08:50:01 PM      eth0      0.00      0.00      0.00      0.00      0.00      0.00      0.00      0.00      0.00
08:50:01 PM      pan0      0.00      0.00      0.00      0.00      0.00      0.00      0.00      0.00      0.00
09:00:01 PM        lo      0.00      0.00      0.00      0.00      0.00      0.00      0.00      0.00      0.00
09:00:01 PM      eth0      0.00      0.00      0.00      0.00      0.00      0.00      0.00      0.00      0.00
09:00:01 PM      pan0      0.00      0.00      0.00      0.00      0.00      0.00      0.00      0.00      0.00
09:10:01 PM        lo      0.00      0.00      0.00      0.00      0.00      0.00      0.00      0.00      0.00
09:10:01 PM      eth0      0.00      0.00      0.00      0.00      0.00      0.00      0.00      0.00      0.00
09:10:01 PM      pan0      0.00      0.00      0.00      0.00      0.00      0.00      0.00      0.00      0.00
09:20:01 PM        lo      0.00      0.00      0.00      0.00      0.00      0.00      0.00      0.00      0.00
09:20:01 PM      eth0      0.00      0.00      0.00      0.00      0.00      0.00      0.00      0.00      0.00
09:20:01 PM      pan0      0.00      0.00      0.00      0.00      0.00      0.00      0.00      0.00      0.00
09:30:01 PM        lo      0.00      0.00      0.00      0.00      0.00      0.00      0.00      0.00      0.00
09:30:01 PM      eth0      0.00      0.00      0.00      0.00      0.00      0.00      0.00      0.00      0.00
09:30:01 PM      pan0      0.00      0.00      0.00      0.00      0.00      0.00      0.00      0.00      0.00
09:40:01 PM        lo      0.00      0.00      0.00      0.00      0.00      0.00      0.00      0.00      0.00
09:40:01 PM      eth0      0.00      0.00      0.00      0.00      0.00      0.00      0.00      0.00      0.00
09:40:01 PM      pan0      0.00      0.00      0.00      0.00      0.00      0.00      0.00      0.00      0.00
09:50:01 PM        lo      0.00      0.00      0.00      0.00      0.00      0.00      0.00      0.00      0.00
09:50:01 PM      eth0      0.00      0.00      0.00      0.00      0.00      0.00      0.00      0.00      0.00
09:50:01 PM      pan0      0.00      0.00      0.00      0.00      0.00      0.00      0.00      0.00      0.00
10:00:01 PM        lo      0.00      0.00      0.00      0.00      0.00      0.00      0.00      0.00      0.00
10:00:01 PM      eth0      0.00      0.00      0.00      0.00      0.00      0.00      0.00      0.00      0.00
10:00:01 PM      pan0      0.00      0.00      0.00      0.00      0.00      0.00      0.00      0.00      0.00
10:10:01 PM        lo      0.00      0.00      0.00      0.00      0.00      0.00      0.00      0.00      0.00
10:10:01 PM      eth0      0.00      0.00      0.00      0.00      0.00      0.00      0.00      0.00      0.00
10:10:01 PM      pan0      0.00      0.00      0.00      0.00      0.00      0.00      0.00      0.00      0.00
10:20:01 PM        lo      0.00      0.00      0.00      0.00      0.00      0.00      0.00      0.00      0.00
10:20:01 PM      eth0      0.00      0.00      0.00      0.00      0.00      0.00      0.00      0.00      0.00
10:20:01 PM      pan0      0.00      0.00      0.00      0.00      0.00      0.00      0.00      0.00      0.00
10:30:01 PM        lo      0.00      0.00      0.00      0.00      0.00      0.00      0.00      0.00      0.00
10:30:01 PM      eth0      0.00      0.00      0.00      0.00      0.00      0.00      0.00      0.00      0.00
10:30:01 PM      pan0      0.00      0.00      0.00      0.00      0.00      0.00      0.00      0.00      0.00
10:40:01 PM        lo      0.00      0.00      0.00      0.00      0.00      0.00      0.00      0.00      0.00
10:40:01 PM      eth0      0.00      0.00      0.00      0.00      0.00      0.00      0.00      0.00      0.00
10:40:01 PM      pan0      0.00      0.00      0.00      0.00      0.00      0.00      0.00      0.00      0.00
10:50:01 PM        lo      0.00      0.00      0.00      0.00      0.00      0.00      0.00      0.00      0.00
10:50:01 PM      eth0      0.00      0.00      0.00      0.00      0.00      0.00      0.00      0.00      0.00
10:50:01 PM      pan0      0.00      0.00      0.00      0.00      0.00      0.00      0.00      0.00      0.00
11:00:01 PM        lo      0.00      0.00      0.00      0.00      0.00      0.00      0.00      0.00      0.00
11:00:01 PM      eth0      0.00      0.00      0.00      0.00      0.00      0.00      0.00      0.00      0.00
11:00:01 PM      pan0      0.00      0.00      0.00      0.00      0.00      0.00      0.00      0.00      0.00
11:10:01 PM        lo      0.00      0.00      0.00      0.00      0.00      0.00      0.00      0.00      0.00
11:10:01 PM      eth0      0.00      0.00      0.00      0.00      0.00      0.00      0.00      0.00      0.00
11:10:01 PM      pan0      0.00      0.00      0.00      0.00      0.00      0.00      0.00      0.00      0.00
11:20:01 PM        lo      0.00      0.00      0.00      0.00      0.00      0.00      0.00      0.00      0.00
11:20:01 PM      eth0      0.00      0.00      0.00      0.00      0.00      0.00      0.00      0.00      0.00
11:20:01 PM      pan0      0.00      0.00      0.00      0.00      0.00      0.00      0.00      0.00      0.00
11:30:01 PM        lo      0.00      0.00      0.00      0.00      0.00      0.00      0.00      0.00      0.00
11:30:01 PM      eth0      0.00      0.00      0.00      0.00      0.00      0.00      0.00      0.00      0.00
11:30:01 PM      pan0      0.00      0.00      0.00      0.00      0.00      0.00      0.00      0.00      0.00
11:40:01 PM        lo      0.00      0.00      0.00      0.00      0.00      0.00      0.00      0.00      0.00
11:40:01 PM      eth0      0.00      0.00      0.00      0.00      0.00      0.00      0.00      0.00      0.00
11:40:01 PM      pan0      0.00      0.00      0.00      0.00      0.00      0.00      0.00      0.00      0.00
11:50:01 PM        lo      0.00      0.00      0.00      0.00      0.00      0.00      0.00      0.00      0.00
11:50:01 PM      eth0      0.00      0.00      0.00      0.00      0.00      0.00      0.00      0.00      0.00
11:50:01 PM      pan0      0.00      0.00      0.00      0.00      0.00      0.00      0.00      0.00      0.00
Average:           lo      0.00      0.00      0.00      0.00      0.00      0.00      0.00      0.00      0.00
Average:         eth0      0.00      0.00      0.00      0.00      0.00      0.00      0.00      0.00      0.00
Average:         pan0      0.00      0.00      0.00      0.00      0.00      0.00      0.00      0.00      0.00

05:30:01 PM    call/s retrans/s    read/s   write/s  access/s  getatt/s
05:40:01 PM      0.00      0.00      0.00      0.00      0.00      0.00
05:50:01 PM      0.00      0.00      0.00      0.00      0.00      0.00
06:00:01 PM      0.00      0.00      0.00      0.00      0.00      0.00
06:10:01 PM      0.00      0.00      0.00      0.00      0.00      0.00
06:20:01 PM      0.00      0.00      0.00      0.00      0.00      0.00
06:30:01 PM      0.00      0.00      0.00      0.00      0.00      0.00
06:40:01 PM      0.00      0.00      0.00      0.00      0.00      0.00
06:50:01 PM      0.00      0.00      0.00      0.00      0.00      0.00
07:00:01 PM      0.00      0.00      0.00      0.00      0.00      0.00
07:10:01 PM      0.00      0.00      0.00      0.00      0.00      0.00
07:20:02 PM      0.00      0.00      0.00      0.00      0.00      0.00
07:30:01 PM      0.00      0.00      0.00      0.00      0.00      0.00
07:40:01 PM      0.00      0.00      0.00      0.00      0.00      0.00
07:50:01 PM      0.00      0.00      0.00      0.00      0.00      0.00
08:00:01 PM      0.00      0.00      0.00      0.00      0.00      0.00
08:10:01 PM      0.00      0.00      0.00      0.00      0.00      0.00
08:20:01 PM      0.00      0.00      0.00      0.00      0.00      0.00
08:30:01 PM      0.00      0.00      0.00      0.00      0.00      0.00
08:40:01 PM      0.00      0.00      0.00      0.00      0.00      0.00
08:50:01 PM      0.00      0.00      0.00      0.00      0.00      0.00
09:00:01 PM      0.00      0.00      0.00      0.00      0.00      0.00
09:10:01 PM      0.00      0.00      0.00      0.00      0.00      0.00
09:20:01 PM      0.00      0.00      0.00      0.00      0.00      0.00
09:30:01 PM      0.00      0.00      0.00      0.00      0.00      0.00
09:40:01 PM      0.00      0.00      0.00      0.00      0.00      0.00
09:50:01 PM      0.00      0.00      0.00      0.00      0.00      0.00
10:00:01 PM      0.00      0.00      0.00      0.00      0.00      0.00
10:10:01 PM      0.00      0.00      0.00      0.00      0.00      0.00
10:20:01 PM      0.00      0.00      0.00      0.00      0.00      0.00
10:30:01 PM      0.00      0.00      0.00      0.00      0.00      0.00
10:40:01 PM      0.00      0.00      0.00      0.00      0.00      0.00
10:50:01 PM      0.00      0.00      0.00      0.00      0.00      0.00
11:00:01 PM      0.00      0.00      0.00      0.00      0.00      0.00
11:10:01 PM      0.00      0.00      0.00      0.00      0.00      0.00
11:20:01 PM      0.00      0.00      0.00      0.00      0.00      0.00
11:30:01 PM      0.00      0.00      0.00      0.00      0.00      0.00
11:40:01 PM      0.00      0.00      0.00      0.00      0.00      0.00
11:50:01 PM      0.00      0.00      0.00      0.00      0.00      0.00
Average:         0.00      0.00      0.00      0.00      0.00      0.00

05:30:01 PM   scall/s badcall/s  packet/s     udp/s     tcp/s     hit/s    miss/s   sread/s  swrite/s saccess/s sgetatt/s
05:40:01 PM      0.00      0.00      0.00      0.00      0.00      0.00      0.00      0.00      0.00      0.00      0.00
05:50:01 PM      0.00      0.00      0.00      0.00      0.00      0.00      0.00      0.00      0.00      0.00      0.00
06:00:01 PM      0.00      0.00      0.00      0.00      0.00      0.00      0.00      0.00      0.00      0.00      0.00
06:10:01 PM      0.00      0.00      0.00      0.00      0.00      0.00      0.00      0.00      0.00      0.00      0.00
06:20:01 PM      0.00      0.00      0.00      0.00      0.00      0.00      0.00      0.00      0.00      0.00      0.00
06:30:01 PM      0.00      0.00      0.00      0.00      0.00      0.00      0.00      0.00      0.00      0.00      0.00
06:40:01 PM      0.00      0.00      0.00      0.00      0.00      0.00      0.00      0.00      0.00      0.00      0.00
06:50:01 PM      0.00      0.00      0.00      0.00      0.00      0.00      0.00      0.00      0.00      0.00      0.00
07:00:01 PM      0.00      0.00      0.00      0.00      0.00      0.00      0.00      0.00      0.00      0.00      0.00
07:10:01 PM      0.00      0.00      0.00      0.00      0.00      0.00      0.00      0.00      0.00      0.00      0.00
07:20:02 PM      0.00      0.00      0.00      0.00      0.00      0.00      0.00      0.00      0.00      0.00      0.00
07:30:01 PM      0.00      0.00      0.00      0.00      0.00      0.00      0.00      0.00      0.00      0.00      0.00
07:40:01 PM      0.00      0.00      0.00      0.00      0.00      0.00      0.00      0.00      0.00      0.00      0.00
07:50:01 PM      0.00      0.00      0.00      0.00      0.00      0.00      0.00      0.00      0.00      0.00      0.00
08:00:01 PM      0.00      0.00      0.00      0.00      0.00      0.00      0.00      0.00      0.00      0.00      0.00
08:10:01 PM      0.00      0.00      0.00      0.00      0.00      0.00      0.00      0.00      0.00      0.00      0.00
08:20:01 PM      0.00      0.00      0.00      0.00      0.00      0.00      0.00      0.00      0.00      0.00      0.00
08:30:01 PM      0.00      0.00      0.00      0.00      0.00      0.00      0.00      0.00      0.00      0.00      0.00
08:40:01 PM      0.00      0.00      0.00      0.00      0.00      0.00      0.00      0.00      0.00      0.00      0.00
08:50:01 PM      0.00      0.00      0.00      0.00      0.00      0.00      0.00      0.00      0.00      0.00      0.00
09:00:01 PM      0.00      0.00      0.00      0.00      0.00      0.00      0.00      0.00      0.00      0.00      0.00
09:10:01 PM      0.00      0.00      0.00      0.00      0.00      0.00      0.00      0.00      0.00      0.00      0.00
09:20:01 PM      0.00      0.00      0.00      0.00      0.00      0.00      0.00      0.00      0.00      0.00      0.00
09:30:01 PM      0.00      0.00      0.00      0.00      0.00      0.00      0.00      0.00      0.00      0.00      0.00
09:40:01 PM      0.00      0.00      0.00      0.00      0.00      0.00      0.00      0.00      0.00      0.00      0.00
09:50:01 PM      0.00      0.00      0.00      0.00      0.00      0.00      0.00      0.00      0.00      0.00      0.00
10:00:01 PM      0.00      0.00      0.00      0.00      0.00      0.00      0.00      0.00      0.00      0.00      0.00
10:10:01 PM      0.00      0.00      0.00      0.00      0.00      0.00      0.00      0.00      0.00      0.00      0.00
10:20:01 PM      0.00      0.00      0.00      0.00      0.00      0.00      0.00      0.00      0.00      0.00      0.00
10:30:01 PM      0.00      0.00      0.00      0.00      0.00      0.00      0.00      0.00      0.00      0.00      0.00
10:40:01 PM      0.00      0.00      0.00      0.00      0.00      0.00      0.00      0.00      0.00      0.00      0.00
10:50:01 PM      0.00      0.00      0.00      0.00      0.00      0.00      0.00      0.00      0.00      0.00      0.00
11:00:01 PM      0.00      0.00      0.00      0.00      0.00      0.00      0.00      0.00      0.00      0.00      0.00
11:10:01 PM      0.00      0.00      0.00      0.00      0.00      0.00      0.00      0.00      0.00      0.00      0.00
11:20:01 PM      0.00      0.00      0.00      0.00      0.00      0.00      0.00      0.00      0.00      0.00      0.00
11:30:01 PM      0.00      0.00      0.00      0.00      0.00      0.00      0.00      0.00      0.00      0.00      0.00
11:40:01 PM      0.00      0.00      0.00      0.00      0.00      0.00      0.00      0.00      0.00      0.00      0.00
11:50:01 PM      0.00      0.00      0.00      0.00      0.00      0.00      0.00      0.00      0.00      0.00      0.00
Average:         0.00      0.00      0.00      0.00      0.00      0.00      0.00      0.00      0.00      0.00      0.00

05:30:01 PM    totsck    tcpsck    udpsck    rawsck   ip-frag    tcp-tw
05:40:01 PM       438         5         3         0         0         0
05:50:01 PM       434         5         3         0         0         0
06:00:01 PM       434         5         3         0         0         0
06:10:01 PM       435         5         3         0         0         0
06:20:01 PM       435         5         3         0         0         0
06:30:01 PM       435         5         3         0         0         0
06:40:01 PM       435         5         3         0         0         0
06:50:01 PM       435         5         3         0         0         0
07:00:01 PM       435         5         3         0         0         0
07:10:01 PM       435         5         3         0         0         0
07:20:02 PM       434         5         3         0         0         0
07:30:01 PM       434         5         3         0         0         0
07:40:01 PM       434         5         3         0         0         0
07:50:01 PM       435         6         3         0         0         0
08:00:01 PM       434         5         3         0         0         0
08:10:01 PM       435         6         3         0         0         0
08:20:01 PM       434         5         3         0         0         0
08:30:01 PM       434         5         3         0         0         0
08:40:01 PM       434         5         3         0         0         0
08:50:01 PM       434         5         3         0         0         0
09:00:01 PM       434         5         3         0         0         0
09:10:01 PM       434         5         3         0         0         0
09:20:01 PM       434         5         3         0         0         0
09:30:01 PM       434         5         3         0         0         0
09:40:01 PM       434         5         3         0         0         0
09:50:01 PM       434         5         3         0         0         0
10:00:01 PM       434         5         3         0         0         0
10:10:01 PM       434         5         3         0         0         0
10:20:01 PM       434         5         3         0         0         0
10:30:01 PM       434         5         3         0         0         0
10:40:01 PM       434         5         3         0         0         0
10:50:01 PM       434         5         3         0         0         0
11:00:01 PM       434         5         3         0         0         0
11:10:01 PM       434         5         3         0         0         0
11:20:01 PM       434         5         3         0         0         0
11:30:01 PM       434         5         3         0         0         0
11:40:01 PM       434         5         3         0         0         0
11:50:01 PM       434         5         3         0         0         0
Average:          434         5         3         0         0         0
